1670
1062
1460
443
753
188
1038
859
319
1654
481
1277
1660
302
1486
293
181
603
399
1640
338
288
1737
175
854
118
762
1744
1505
1720
796
1546
1133
88
1417
644
1522
1422
569
1490
380
554
1122
1144
437
228
426
931
115
1442
1772
485
1659
351
1335
610
1089
566
1531
189
914
1609
1193
116
1024
322
766
33
315
1583
718
557
47
42
535
1234
223
214
1621
190
279
1091
1674
605
1487
277
1191
1367
1182
964
57
813
1099
1046
248
1695
889
990
1286
1400
334
1098
639
1115
677
1176
518
1076
1189
681
1345
1326
1393
19
737
330
586
1687
112
1003
1643
1421
1761
275
201
763
77
1784
89
517
1004
742
1308
167
1619
411
912
1065
213
597
1151
581
1403
1218
1612
715
1186
966
1074
257
1351
1199
974
1706
1615
710
1201
1219
68
1396
996
1479
1688
1480
1166
1664
142
911
1111
530
834
822
1655
1338
1377
1231
1303
100
593
340
1141
1697
1164
446
121
1526
1630
712
1090
1289
4
114
786
667
1749
756
415
310
1023
682
1200
1614
1647
1483
259
835
899
547
155
1493
860
1481
144
687
1413
779
716
1692
202
814
377
1732
1610
179
1753
1361
1325
621
803
1690
590
1045
1587
707
354
1228
1541
719
332
1283
70
62
1104
680
1179
1088
935
1243
900
166
79
23
1407
203
1188
836
648
706
626
868
441
1425
1021
1686
708
1605
193
596
955
1678
1318
1203
1083
928
1196
1015
1370
833
1192
336
270
1524
954
241
1242
898
427
1383
1012
337
826
558
393
497
1646
1768
1435
1757
290
1752
1067
1770
1463
730
1782
1395
297
1680
355
356
242
1560
85
66
587
335
550
1472
1498
1608
902
936
758
1580
300
521
137
1379
460
917
72
225
476
382
1453
971
1352
238
832
1661
847
462
894
749
439
1154
1781
980
1595
1564
1763
29
1673
849
127
871
1127
1384
655
689
1279
652
1471
1140
985
608
30
148
329
1445
8
1523
1380
1173
1029
1136
1159
106
483
417
777
1273
1533
387
1555
601
940
454
1250
1020
1105
1585
82
800
684
218
724
686
923
993
567
1751
850
886
220
156
287
161
1342
997
1685
666
857
1040
714
1274
510
418
385
489
1157
1662
249
1760
452
874
402
507
14
423
1652
1239
797
1536
369
368
1447
1346
1509
646
933
436
210
725
627
180
885
486
1521
664
1350
1297
733
1663
285
831
1131
876
467
1606
728
1535
939
105
776
268
950
551
1341
1389
1006
1048
893
572
457
788
978
1419
1275
855
182
750
1700
409
1736
1515
694
1550
1366
941
1601
1031
1359
1300
1694
1399
948
1194
1072
1037
154
1548
1323
1162
1423
1788
556
157
1424
209
65
1369
54
1537
15
783
164
918
1116
1153
1402
1053
1724
1181
1373
625
1734
528
1138
1559
1388
359
95
406
146
1510
1597
1331
1649
234
851
570
782
890
1741
640
1261
536
1758
988
793
1645
700
1223
1254
829
433
479
132
949
1627
1375
464
1715
1684
713
1543
862
1184
983
1349
150
145
1590
151
1450
461
972
531
236
805
99
633
107
591
1780
352
170
1079
919
1113
695
965
1315
525
1285
1558
314
1177
809
1347
1618
984
1398
576
927
637
1137
447
1070
600
647
559
113
217
631
1207
1042
1064
1327
1050
1227
744
544
364
1169
347
229
739
533
905
1529
1554
1264
1363
1358
169
1414
325
594
961
93
1291
256
960
143
1195
549
1428
656
1745
1272
215
573
672
320
1461
178
226
1596
1319
1657
1019
1212
1774
1711
1545
280
959
726
1052
1348
654
698
1011
1269
1255
83
910
312
660
81
136
1032
1226
482
1330
299
864
200
701
1306
173
158
1175
858
801
384
1683
265
846
475
59
679
1604
721
141
459
416
901
1593
269
196
253
503
658
1295
798
498
841
1094
1365
1750
888
123
691
1561
568
1257
284
755
643
361
676
1731
1259
1225
942
1161
1033
1766
1518
176
1282
282
1284
1313
830
760
303
1778
1739
649
1217
1542
771
1578
458
1501
662
350
1145
1506
1457
757
975
1519
477
770
1236
741
945
592
1474
785
957
1280
1634
1569
1119
929
670
1444
1639
478
1251
211
1125
1707
1466
1287
1432
120
669
346
444
1492
55
1082
301
153
973
1068
391
529
861
1134
1676
1416
1696
865
138
309
1544
31
1246
396
450
509
274
1109
405
998
258
198
424
1371
371
869
104
401
1073
1374
1312
1551
1729
185
1436
273
492
1108
1648
673
1568
958
583
1332
1512
58
794
575
595
398
26
1499
979
1579
64
331
6
611
1586
1206
754
1101
445
823
488
129
108
501
1301
1600
977
135
1733
219
920
970
650
420
1644
451
1262
78
205
365
921
976
1392
1248
1607
1427
1172
524
1405
736
1728
422
738
944
1563
668
407
1725
46
1530
1633
896
207
194
1027
775
946
235
1135
887
1334
1278
1704
511
1044
1671
688
1307
5
1616
305
619
328
1638
408
263
295
69
891
413
880
128
1165
28
515
92
87
53
370
1415
1681
1682
61
1247
1514
1465
1244
1553
34
1520
665
1357
1267
1333
1538
1446
283
806
304
791
1039
765
119
873
97
1364
508
1187
532
1299
1190
909
1769
195
1771
1025
306
39
1420
243
947
449
246
541
790
1448
233
1356
622
577
884
690
1296
1452
1691
1001
1767
827
1746
1710
261
3
1401
1718
604
318
838
883
434
429
1382
1713
636
425
1468
740
430
1216
254
1230
953
904
1651
1467
1557
1016
472
1588
1496
825
1077
339
1043
499
1410
496
1742
63
294
267
599
624
628
571
366
412
165
419
1747
1409
574
1147
1049
56
1128
675
1748
769
1010
632
1469
1337
490
638
1636
1129
764
262
163
1599
1556
842
1397
1701
722
403
1170
1440
1476
674
1473
1058
237
1631
1666
1256
552
613
1575
376
1668
543
943
808
588
580
1075
1009
1735
1002
1539
1434
1591
1018
168
545
772
1271
774
538
348
1294
795
171
1148
1456
852
251
1385
630
734
1030
819
379
839
1773
1022
1081
1572
1000
1637
1404
1566
326
856
1110
1069
926
578
1667
1095
1783
799
470
465
1540
1665
133
1163
1494
1431
661
1594
291
12
924
1321
878
1316
1727
1051
1150
629
903
527
1387
1339
1693
1430
1120
192
140
345
358
1443
438
101
255
230
717
1577
177
1340
752
71
1458
117
126
1528
1527
537
298
994
1344
729
1672
1391
495
1611
1372
404
440
1716
1353
759
1220
1650
35
879
134
1360
967
1168
1060
751
523
389
48
1149
807
1573
1705
837
1712
38
40
1719
227
747
968
147
804
1787
240
1035
1233
895
812
9
683
623
1775
1336
1117
1014
1118
1565
534
711
1263
1689
1096
1376
1439
357
1290
1426
1622
212
349
1097
1130
579
45
1451
1714
1368
1598
1100
1355
1017
388
392
735
820
843
395
1517
915
342
616
487
1602
281
1620
431
853
934
513
1738
1776
102
1211
1477
614
252
152
1581
875
474
1214
324
67
110
1080
1152
1437
1208
520
266
563
784
1309
442
344
699
781
1276
1503
1547
122
73
51
1567
1232
1441
723
504
323
615
1056
818
995
892
844
1669
992
1167
1429
697
810
1574
1721
1504
1204
363
522
1722
1237
321
466
1408
1036
872
1525
1412
1238
548
1513
206
86
400
76
94
1007
916
1142
184
1485
383
1
1613
1320
231
1107
1047
473
991
1641
546
1322
897
10
125
316
197
1241
1562
863
1258
159
480
1759
36
41
1156
1071
930
428
906
91
313
1475
1702
124
1723
745
780
560
162
216
1552
1311
1205
704
1298
1063
1488
1146
1178
1756
1221
1281
692
877
1584
453
1532
1174
435
1628
840
362
1057
463
37
634
1293
1462
598
394
289
1576
963
491
1362
1354
932
1112
702
1516
308
1224
1240
343
1632
414
296
1197
1213
1245
1215
1378
1764
1229
1418
1028
1717
1202
562
390
789
1210
239
260
773
1253
272
1449
720
1679
1549
1343
1310
0
1041
1381
539
250
1235
139
11
584
1054
867
1658
2
109
327
1582
999
1653
519
1726
618
641
224
183
881
20
247
564
938
671
244
561
1642
952
811
49
1155
1589
448
512
663
1328
743
1433
245
191
378
80
1329
204
642
1013
311
1055
1484
13
1785
1314
516
882
1624
815
50
1092
620
271
1026
493
653
589
1390
367
1143
333
455
1777
506
1123
278
1139
32
96
1502
802
1114
1730
870
1495
1317
986
317
111
494
609
908
276
987
1222
1455
1158
471
731
372
969
1270
1570
1288
1698
1034
24
1571
703
1507
761
456
172
1265
353
709
1765
1754
1266
816
1185
131
1126
1394
103
657
1005
617
817
1078
732
693
1592
286
606
186
1478
1482
208
962
1386
635
1675
1500
1470
1459
1740
1708
792
307
1209
526
553
848
913
1635
375
1411
1132
925
1183
1160
1103
767
1626
585
696
149
44
1699
16
1511
469
484
1786
1497
18
1086
540
1762
1085
1124
130
74
956
659
1491
1249
410
21
174
1304
514
22
60
746
602
1489
1302
52
651
982
1102
1093
397
505
386
748
7
565
937
1617
645
1534
1406
1180
1709
1656
1508
341
381
1106
607
199
1623
187
951
821
989
1292
222
1703
75
98
1629
1743
264
27
1061
17
705
43
678
373
1084
1252
907
468
768
727
922
1008
1324
1454
582
612
160
221
25
90
1198
1260
778
1305
1059
1087
1066
1603
1677
845
1171
1438
866
374
84
502
232
1121
292
500
787
1779
824
1464
981
1625
360
1268
828
685
1755
555
542
421
432
