2084
3413
2915
4265
4395
3287
2117
12
2119
4574
4689
1320
1361
1948
4884
1463
2110
4217
4893
3105
1823
639
3441
263
4061
445
11
3745
4289
3298
4524
4822
2916
2215
1323
526
3819
4439
1382
3358
394
2443
2121
1518
1222
2337
2331
972
4047
4528
1489
3612
1285
1043
4324
1894
947
1709
2578
810
3172
2998
4742
1395
3680
1637
406
3716
1012
3408
967
2479
395
1879
1714
4833
3294
3972
1314
2437
973
2980
1218
72
393
3357
323
962
4123
2247
1994
2675
4736
338
3631
4621
3476
4079
656
4080
2902
2570
970
7
901
277
1571
4760
743
3112
3605
4151
388
695
1970
3627
2345
142
1130
1557
4952
1534
1857
4875
4306
4208
4203
1711
2986
3962
4765
4165
937
3101
1261
2053
3465
2990
3863
3181
3836
1329
4046
2567
1384
2297
4084
3303
3183
4511
4329
4747
1744
123
2503
2449
762
95
920
2376
3445
4873
157
4679
349
1730
1287
807
290
4254
4002
1674
3355
3703
1443
504
2948
3717
2708
1793
62
3925
4464
2622
2452
757
2973
4342
835
4584
4948
2248
2319
189
3315
4414
1303
2034
1915
1281
110
2592
1552
1993
4838
354
3678
1273
2646
495
4523
3071
3268
590
582
75
1996
3018
1780
4579
1650
1490
2410
615
2126
1255
2146
3495
617
1616
4648
763
4536
1125
481
4708
1355
2970
4363
3896
750
3659
2089
3132
971
2686
2203
372
1530
4338
3003
4035
4572
1040
2162
4931
3021
2489
3556
1867
2752
4138
2735
1691
1497
4230
2583
4422
1703
3542
2321
4673
50
4752
2218
888
1144
431
2233
1007
3490
483
3718
2797
3201
2343
2129
1177
3739
1836
1889
3855
3217
2103
1921
1376
2344
2184
3533
3919
4462
3821
4842
4831
4051
1154
3397
3227
4261
2495
771
701
3710
3226
930
4417
3390
202
890
3580
4460
1397
1080
1245
2984
1819
3458
3818
106
4089
2758
602
2597
128
4800
3963
922
1486
4296
266
4131
1023
261
965
1900
2133
2733
1131
3909
4705
2026
2150
2131
433
2125
2416
1818
2982
2441
4553
4426
2409
3257
257
3282
4453
430
4724
1584
4381
3064
1461
2551
1636
4012
4969
1949
4692
4519
5
4972
2309
1906
1554
2764
1893
1105
2243
2290
4377
623
2329
4220
1331
76
2663
2417
3053
2546
4367
4141
3737
2605
568
2257
1690
4379
4300
626
3192
2920
547
645
1466
2112
3582
4411
1203
1761
3800
4118
1541
1347
65
1394
4669
3354
1456
1538
2502
385
3284
3098
186
1566
2738
3721
865
4716
2106
4505
1371
1122
4063
2347
2801
4207
3913
4178
2302
2264
3073
987
1958
500
3870
1387
2165
1766
2433
694
3973
1412
4319
4428
255
206
3007
4040
533
753
714
2062
3036
193
586
3292
182
1075
1050
3348
3629
171
1811
3180
3808
3263
376
2653
1197
134
573
3461
2685
1097
1813
4164
4339
2056
3159
2235
1772
130
2974
4103
1302
1400
1127
3672
1045
2891
4684
1904
2482
732
3831
3549
2365
1847
2677
1962
3551
4796
3545
2854
1282
1672
4058
3658
4376
4685
1477
1648
3920
4499
208
720
275
2207
2938
4871
4388
2035
146
1747
1622
3509
3242
651
1121
1469
2145
662
3585
875
4404
1723
2334
1243
3174
3113
1353
2385
593
3846
3839
1568
3882
1305
548
1414
724
4273
2278
4929
2070
1997
1416
3233
509
2935
4492
1362
902
3859
2486
3384
4321
3622
2830
3512
528
152
629
405
2555
339
1020
1104
4877
592
1051
518
3646
896
3576
1838
3032
2608
790
3967
1989
2166
3246
1100
2092
4396
4806
542
2091
727
3450
4346
505
885
3906
2440
4583
1916
2899
667
794
3769
1319
3326
2267
3427
3709
4774
160
1649
906
1430
2040
642
3283
861
3341
1065
4371
2794
103
1185
585
3232
600
1118
3685
1604
4421
90
2178
1598
4707
311
2425
3719
3411
3090
301
4243
3301
181
4362
268
3966
2454
3847
869
4449
2941
484
3484
4034
3948
856
322
3606
2359
1141
2632
3630
2196
4050
2894
368
827
873
747
3454
2933
1069
3644
1061
2304
293
1934
766
4470
407
3904
2199
806
2706
3547
884
3196
4976
4630
4287
3277
2149
2540
1401
4019
3880
82
4503
2236
4608
3383
2305
1863
2068
3681
2279
4206
3418
2032
3010
3620
4950
2671
2770
2829
4482
4402
3184
3788
1923
2857
4354
2496
3979
3002
4269
3780
4788
4784
2961
1874
2436
685
4654
2816
1710
1789
2573
4472
1374
271
2204
1304
1876
511
555
487
105
3860
3126
4441
1782
2287
2375
4954
4711
308
1786
1145
3834
3429
2473
3099
574
957
273
3789
359
1409
4828
4190
1017
1980
938
409
3205
2320
3290
3
3558
1828
2155
1844
758
691
3592
4416
294
793
1735
2788
4291
2418
3673
4860
4110
4700
955
4467
632
3932
2380
1742
2522
4418
4070
1825
3127
2861
2734
1475
331
3267
4297
1755
4301
4559
3350
4778
4628
1621
1425
1115
1263
2666
2413
4027
2880
2549
1184
2785
777
2683
2049
1531
4075
1418
3832
4332
4803
1630
3688
1132
240
4658
2316
4489
3049
3890
4039
1044
4490
1457
2004
3626
4824
1165
2616
2944
3586
991
1670
4693
734
1678
2397
723
2219
3124
199
1458
2909
1446
3017
2819
3951
1233
3735
1325
2762
4848
2537
3943
716
2846
3308
4610
761
48
4753
3854
3279
3776
4680
4750
4415
2791
2175
390
2088
2153
4275
2989
4808
1902
4442
4073
1356
2835
2997
1869
4345
129
4487
3921
1052
3275
3723
895
4714
608
3974
1311
1775
3647
2550
28
3781
2780
2336
576
4780
3538
3989
3730
2141
1136
386
2182
4723
4001
369
3455
941
4260
769
1835
4102
4624
1346
2123
3915
1964
67
4994
1572
3693
643
4364
4962
2167
1452
2672
422
149
1911
1550
3330
3264
2210
1632
3888
1749
842
851
156
455
1163
4241
2226
1513
3801
317
4483
3339
2399
245
3084
2378
2480
1262
402
882
448
507
2445
1830
1898
2019
4212
3897
2300
779
2716
2586
3243
3269
549
200
4025
4431
2504
745
2442
2739
3875
1504
752
1700
4056
46
1803
1919
2075
4530
3156
811
1856
1403
3960
3400
2516
493
553
3481
219
1680
4997
1877
3590
2490
872
4228
4419
274
3530
2757
3733
3618
3790
1318
3643
4819
217
127
3504
4995
1683
2057
4980
3359
2525
4361
944
3237
4318
4622
2383
4927
213
4650
1295
4697
765
1308
3091
1909
2767
45
3905
1321
1986
4836
2237
2190
2464
1126
2746
4423
4986
2703
3467
2429
640
2715
4227
235
4094
1341
1389
914
2066
2638
2518
3023
1464
4936
1536
3248
1859
3650
2524
3417
3304
4225
210
2539
1290
2011
357
2609
469
14
3092
4728
2222
968
285
2709
1380
83
562
2779
4618
4197
1618
3510
4542
1153
2241
1860
3218
2619
1473
1213
2942
3131
3088
3862
1543
3462
3055
4209
3929
4432
2985
1238
4615
3191
94
49
2002
3942
4961
1585
2472
864
3033
4721
1533
520
121
4179
1575
27
164
1756
1270
3321
2171
2000
4163
2694
3199
1752
159
647
4521
74
1274
2028
1334
984
4344
1692
1725
1633
2044
4767
778
4698
1556
1886
800
4042
2340
1693
2577
2554
2579
3403
3134
3706
4868
1345
3900
4337
4066
1988
3584
1268
3677
1842
2186
3927
3173
4561
2501
1029
248
2328
4541
2798
1472
2862
2641
1063
746
4596
1943
2392
1506
2374
2094
3241
2795
2157
2451
2684
1164
4446
1054
3971
3210
1991
2135
4636
2306
4278
237
4947
1748
4538
2925
2937
1549
2325
2598
1884
1071
4607
4335
4966
2714
3457
4729
2647
1151
2426
866
3419
1942
207
830
2648
4406
4124
2181
1474
1628
3662
1591
4255
715
4879
3108
4967
2078
2342
3394
3160
2294
2843
4984
2497
4307
499
279
3331
2263
3610
2748
3569
2132
3361
1161
4088
2023
795
4592
2460
2474
3810
3519
2043
2674
1322
4932
2059
2086
450
1613
4134
1286
281
3258
2519
4712
2808
3286
4754
677
666
3313
2772
489
2208
4606
3259
583
3922
1471
1798
3937
4456
3982
1217
1249
2213
3757
3665
464
2314
3041
1480
2850
1089
198
2061
254
4900
3883
3740
2878
319
2296
3438
2533
934
2159
789
799
698
3756
3072
3998
2889
4347
2693
891
4746
2595
4172
4218
1666
544
2275
3596
3444
816
352
556
191
2994
1609
739
4895
423
1599
4675
1950
2391
619
443
2439
111
1392
2603
64
3997
1850
2747
3648
3918
3083
456
729
85
73
4715
855
2681
3651
1501
3076
4181
416
2787
4623
1740
3185
985
4801
883
638
2448
3573
78
1404
1159
4264
3351
1774
859
4447
3732
2389
2651
379
503
3508
461
3229
4086
4234
4219
4205
4116
4435
2585
4249
2500
4718
1791
3935
2285
2292
1956
2001
47
1868
222
913
4478
3728
3129
4866
2817
1342
767
4861
3940
4003
4594
2633
3691
4690
3149
3796
2726
741
1188
2508
453
4565
3526
2660
3274
2265
2076
4176
2108
1573
3225
1952
785
2710
1478
4889
1601
3085
196
2690
2934
233
4108
4738
4701
4699
4851
362
1352
3502
3550
774
2814
2700
1595
3116
1800
3433
3955
4188
1033
2784
4112
1862
3950
3063
4744
4634
3783
1106
2615
4198
2883
318
3654
2269
1510
4573
3564
4443
1681
1283
4122
1112
2427
3568
4041
2692
4925
3561
4604
1820
2875
4394
2313
4551
3410
2407
4237
1102
2728
3597
2593
1612
1973
532
2192
4662
4625
529
147
2071
506
424
1062
4096
1267
2552
2547
4253
818
3535
2967
4231
3220
1553
4257
4444
4649
4827
2923
4923
439
4804
858
4587
3536
788
1237
4832
4326
1846
611
3082
1797
214
2696
2951
2303
4491
2704
2873
4991
517
4683
4696
559
4293
3649
1928
1083
949
2906
2744
3835
4288
4076
66
633
2624
4549
2625
1035
3125
3139
51
2815
3052
853
3632
1173
3889
2193
837
71
2723
4643
1385
4397
508
2090
2908
4864
910
267
4266
205
1677
1593
1103
4526
102
97
2771
3250
3991
2688
2463
2424
2096
781
969
4527
1194
286
3486
989
1695
1451
4015
1013
119
2271
1297
606
3189
4510
1333
730
1619
3604
479
992
4560
3194
1068
2238
3475
597
1328
4943
3539
1505
2992
3687
3447
4350
958
3153
3546
1832
4146
2152
2041
1228
4918
2963
3363
3453
2656
4779
3637
4694
374
4614
4038
3262
4030
1871
1313
3182
3402
1340
932
3809
4704
1796
3583
4271
728
3494
1133
620
1861
442
825
2905
2324
690
4311
313
1038
4713
2736
4935
1502
3983
1770
668
3753
3468
675
4226
1718
1824
3266
4461
4790
3833
4333
907
1406
587
4272
224
2576
4920
2874
3395
1432
2768
3928
3641
3375
635
1494
1840
4127
115
4599
3138
3054
4466
833
4949
1107
3470
1336
3302
140
712
2307
2073
2358
2725
3715
2718
4140
4732
1108
4305
1196
2317
3340
4156
2617
4420
2465
612
2657
3555
4465
3360
3969
4591
1959
1221
1737
539
2756
3346
3335
2293
1751
1992
3406
1465
754
3295
3524
1658
3005
291
4452
4375
1854
1727
4401
3031
4942
4036
1671
879
3449
3260
2353
1655
3812
4930
3089
3048
4983
1642
1829
3309
1224
2033
4840
108
512
1581
4167
4433
1883
3437
4196
2491
4105
2398
2812
413
2832
2085
3319
3686
1058
2766
4602
996
2852
4360
2079
2680
4568
4239
4917
1698
3442
298
168
3695
498
2284
3293
1676
1338
1967
3619
1002
2913
52
2515
1148
3122
1699
3617
25
1639
1924
3332
1426
1805
141
2176
4474
979
412
2754
4007
978
3601
646
3765
899
1918
2724
2553
3094
2560
3899
4099
3758
1160
1433
1124
43
396
2884
3608
3187
2256
415
2543
4516
3312
2701
56
2115
1912
2831
3634
44
3914
2093
928
3368
945
3305
4298
2922
2650
3203
2455
3381
2046
1586
3787
3014
3746
256
1578
2261
4024
1687
1423
2581
1359
2390
3623
2682
4543
2869
3842
1814
2587
3941
4159
4731
862
1652
1086
10
4405
2528
4317
4037
501
755
2742
1381
3311
225
3527
4334
2535
2055
114
1014
2705
1337
276
2521
1005
2255
3760
3759
1211
2512
4018
1511
96
1849
1739
1167
4211
3466
2959
3933
3077
2556
868
166
1310
2885
770
4794
927
3640
3587
2467
2964
557
1437
4372
4284
772
718
682
923
990
2892
687
118
2250
3529
4891
1707
389
22
3060
4926
2471
1447
4758
994
4841
684
4924
139
3102
330
1750
966
983
2924
4987
2847
3223
4457
81
931
242
3689
3852
3471
2310
1140
693
1972
4776
3731
3523
3946
3431
4280
468
2080
2322
4764
3188
2373
3325
4534
1515
133
2629
1640
2896
1493
2174
4245
1198
2649
4682
3743
4399
2012
4912
3393
4437
4348
345
260
1579
2018
4139
3744
1606
4126
104
1037
4562
3975
4199
3347
2972
1059
2912
3771
1559
4258
4855
1435
2678
1763
4775
4125
3736
1156
117
1200
4813
2775
1016
3012
2962
4515
163
4144
3947
671
17
3114
447
3200
2485
4885
3676
3894
88
3019
1402
4906
476
1717
3930
3253
4670
3895
4279
3901
3653
31
1546
742
92
961
3636
4106
909
3761
1634
4908
1368
2369
4666
1779
4393
2640
4378
2858
1645
2122
59
4330
180
201
534
2670
3628
4349
482
4603
4295
644
820
4770
3333
2009
4129
466
4142
2668
4479
4944
1460
915
1974
1232
3015
3121
854
365
1231
4477
1597
4358
169
686
3589
903
2326
1843
272
3487
93
1424
4807
1946
342
1930
3911
3004
2800
4951
1462
3540
470
3886
1015
2946
1610
188
4016
1809
2209
3978
572
2017
2575
4798
42
798
4837
2628
2493
162
432
1651
3639
1816
1787
4251
4651
2368
3157
1422
2308
4512
4977
467
1960
3891
287
2462
497
1954
4430
3667
247
1784
2740
2753
1178
1558
3507
3602
3434
3614
175
347
821
4552
3214
609
3422
2840
417
2478
4982
2095
18
1977
1006
2252
4762
2408
370
491
2087
2870
4009
1715
523
2520
158
4681
4045
4563
4540
1864
3885
107
4946
1561
3296
4645
3679
3498
918
4387
3615
1370
4120
815
1123
1180
3215
1265
3240
4304
344
4410
2673
143
1979
4509
613
735
2388
1091
1790
4934
4665
3697
2988
381
2927
939
1348
3865
462
1968
3777
2904
4852
3786
1985
2793
1529
2172
3748
726
3389
1092
3517
320
2596
1191
1661
2732
4695
3424
1481
1000
1788
2626
1253
1259
24
131
4210
231
3734
421
3144
2475
1152
1562
530
4083
2458
829
1291
3741
2759
4052
1812
1940
4062
1668
2160
3035
874
1576
1895
2898
4597
1564
1577
54
2643
775
2211
4235
4315
2081
3588
230
4971
2253
3343
2977
2802
1247
1210
1817
327
1034
3499
3824
2558
1027
3137
1046
4185
4130
2483
3249
3571
527
2811
4555
846
2809
4221
4635
960
425
2911
1208
4168
2470
4802
4857
567
4369
3443
4919
21
3670
4740
2114
1673
2919
4772
3245
4093
1025
565
1758
4067
4434
3907
2620
2120
1201
4811
1434
1307
1984
1339
3934
2379
1266
4910
713
4468
2975
3119
4564
2346
3574
360
3747
2170
4081
1544
2403
689
324
289
4389
473
2147
79
4998
2806
3436
321
316
16
3868
3763
1492
4532
458
4514
361
3195
4513
326
3414
976
538
4236
706
836
4892
1620
2453
2393
3600
3423
3977
3186
1882
194
867
826
1914
1524
2245
1624
2954
4486
857
2224
3247
366
1138
3425
2419
1731
1963
1488
384
812
936
3822
1306
2872
229
1235
3042
3278
2045
1408
1225
3155
35
3211
1476
535
1239
1298
4993
2412
4323
411
203
3782
4914
2729
223
1503
2414
4743
4631
1745
4915
956
3432
2014
4128
4114
4834
332
904
3206
309
2527
3345
3949
4242
3698
4589
1753
2259
3669
3396
1736
3525
4569
3426
494
1369
3892
3001
3057
3044
1398
4119
2239
1271
2251
4668
3544
2400
2005
2276
4158
4054
4702
1858
2607
1277
3851
444
264
1114
3496
4310
1495
1848
3234
465
4343
53
1523
3754
699
1982
2594
312
3802
892
2841
3270
4737
2164
4409
3581
3328
2822
1822
3216
4087
2187
387
4498
165
4974
4366
4384
2949
1603
3872
2781
2813
683
380
3388
659
1174
2664
3079
3607
2200
2983
1240
2557
112
4539
786
889
3100
1427
4267
3970
3093
325
672
4450
337
307
2488
2888
4049
2188
3255
414
832
4256
2481
1635
4686
4789
4554
4535
4805
39
3065
3594
839
2431
2335
4531
3412
4454
887
1236
4787
3491
4672
1629
4577
4331
3902
2863
570
126
36
4336
382
252
744
1519
4153
2223
1659
1778
2038
284
1892
4370
1084
2097
340
1391
2101
1792
1794
138
4215
4810
84
1944
2532
3256
4518
4008
1041
2799
3349
4270
3807
628
648
3058
3405
3908
4922
302
2510
226
4820
4544
1399
400
3720
631
3987
426
1567
817
3143
4641
3261
3873
3992
678
3046
831
595
183
4661
3805
3961
1757
2803
4
2727
4968
4436
3661
4525
863
2574
1540
4182
2179
278
1189
1887
3382
3096
2299
2505
4152
3968
3876
2100
306
2277
3148
4970
1865
3924
670
625
792
1049
3954
2741
449
2544
1072
1777
2050
419
3380
3377
3254
4488
1776
2077
579
2636
4975
2394
2469
840
759
3463
136
3893
3567
982
3117
2242
4850
1143
215
2562
2818
703
2926
4252
3141
3473
3811
3772
676
4438
2109
3671
3638
1415
4097
2859
1066
3791
1420
1722
304
1011
4082
2384
948
220
1978
1654
2444
2871
1187
2917
1785
488
3316
1176
4171
3239
295
571
1317
1077
428
2386
545
4533
1641
911
492
1623
3252
4632
4286
3917
358
57
3579
1032
1272
3193
1344
4883
3755
4006
3749
4955
1614
4429
1330
4161
3280
780
1526
4043
679
3385
1449
1393
2339
2849
1485
4355
584
2662
427
605
986
2612
3273
4863
2356
2956
3140
3158
1150
3820
4386
1917
3209
3838
2750
722
3857
2820
3208
604
2719
801
3827
4847
3480
280
2395
700
4135
2144
2978
2890
2360
3170
4537
3352
3642
1175
4957
543
3228
204
4734
1872
4283
4710
2327
3798
4068
4644
3656
2423
2143
995
4996
942
3624
3699
3898
1216
1455
1375
2266
4010
731
2099
1522
2611
2932
1195
2953
3367
1090
1891
1611
4098
3493
552
558
3621
2918
951
577
4113
787
3452
3724
1003
2128
3823
471
1212
1157
4507
3613
1048
2205
2769
1166
2130
2627
258
3329
599
4766
1190
2895
3591
2281
3161
299
1279
1514
3409
2827
4575
3165
3488
1411
3625
3365
3751
1241
4647
3616
4814
1379
113
3513
3700
2833
1759
3362
3366
4281
4173
1215
1602
373
3066
4322
297
2823
1664
4011
4687
2995
2051
4493
1410
4085
852
3958
241
4735
3714
3130
1158
3372
441
988
3320
4869
4189
3061
2712
3575
4201
151
3684
2148
4222
2098
4818
4092
3562
654
41
4617
353
4989
1907
4876
3999
1878
3171
435
77
101
2940
4907
3701
1913
4751
2021
4373
4655
1905
3231
4204
3664
551
2231
4427
2721
4897
4259
3816
1181
2457
4180
218
2111
627
3179
2930
591
2563
3213
2765
3022
4590
172
2865
173
37
1799
2258
3299
808
2763
843
122
2957
2848
2262
3764
4077
1250
1908
1660
849
1525
1807
3864
954
1596
4057
4455
4546
4048
650
4582
1219
3534
665
1053
2881
521
637
3111
2836
2658
1976
3557
2958
4184
2783
877
34
343
3011
1315
4730
2604
2886
4691
2301
1866
398
4620
1532
2828
2731
1855
751
2634
4224
4585
2707
4229
2952
4109
2487
1998
4028
711
3956
1248
1229
4557
4053
4340
392
2477
120
2283
2976
3236
3135
2623
756
1826
2637
2621
1047
4965
1439
1327
1453
1528
4325
4403
3559
1712
463
2411
3994
4368
3482
4485
1227
3219
2509
3727
4341
4633
2438
1296
4195
2761
3779
2514
1170
1875
4174
3752
3645
1688
3595
1214
1926
3986
3692
760
4959
3995
2968
3109
3428
3984
4285
305
1682
3307
4013
178
438
4826
3959
4791
4090
4785
4933
2876
40
3867
3708
3025
4476
4611
4359
2054
239
2195
2965
4706
4391
653
3029
3993
3704
2536
216
824
4570
2851
4748
2996
4069
367
1373
2387
3792
1252
3344
2534
197
1036
1685
4059
2590
1289
4888
4566
4475
4845
4071
1694
4504
1764
3553
4382
2507
4612
2743
1468
3336
893
515
4545
1885
132
2773
1010
1795
4953
89
1512
1783
809
1669
3323
251
4757
452
926
3828
3013
2943
4979
2511
3990
3840
4609
513
4136
3881
3985
2341
1284
187
3251
1358
3830
1910
4223
870
1705
1999
4870
897
669
4886
1760
4005
4613
3611
472
736
2879
1028
1388
335
1935
3598
341
2007
2010
20
3420
977
4823
522
1134
4100
4115
2679
2745
1626
1945
1254
2185
1810
250
664
738
2254
598
2137
3696
2194
3492
3074
886
2566
1278
4357
2163
2260
391
2246
38
3039
1555
4865
1551
2366
4390
15
1129
1438
2047
3281
4880
4642
26
524
4529
2548
2127
1656
2268
2029
459
4882
2158
4398
3554
1704
4023
1417
610
4795
1499
3080
3087
236
1983
3952
1644
1821
3416
460
2363
3164
2338
4413
3923
2202
2286
300
148
1929
3799
3271
2498
2921
999
1507
192
2796
19
98
4072
4484
3146
2776
3364
3474
4755
3371
2698
1119
871
1569
4351
2142
4353
860
2697
1110
1454
1726
1508
1042
23
2867
4639
3725
4905
1706
1483
2506
2689
249
3711
4000
2421
3106
4916
1168
900
1441
4004
4506
496
4111
1588
2805
2151
2987
3136
3104
2072
2955
3674
974
4547
3177
246
1429
1903
4104
1496
596
1205
1804
1592
3537
1873
1708
477
2065
4095
2897
3342
4902
4792
3075
4186
437
4640
4881
60
1607
1064
2737
3910
4385
4896
3657
2610
3976
4659
4166
981
680
4921
3887
195
383
3652
1521
3370
3163
773
2655
410
4815
2601
1662
3815
1022
3560
4232
3912
1199
2025
661
1837
1276
721
4909
4187
145
2834
124
3469
4309
802
1767
1057
1275
1657
2318
546
2420
32
2311
1365
2545
603
3773
2882
3464
943
1147
3175
4652
1665
221
1445
209
2139
4960
1142
1482
1031
4958
950
2377
1600
3097
6
1679
704
2104
3593
348
1728
2332
3483
4783
1853
1087
2687
841
1548
1116
1383
1547
1479
4664
3666
4170
569
3514
2755
4725
3938
1590
1098
3152
3609
4192
3059
3849
3936
692
3317
2227
4781
1701
315
4352
2910
4132
404
3078
1244
3472
1947
2230
2217
2229
4556
3565
436
630
1560
4595
2676
282
1487
333
3516
2602
2979
1367
4898
1060
1364
4448
1312
4637
4578
1246
578
2349
3762
1583
2971
1251
3050
4797
563
4303
1146
2804
4763
1128
1713
1733
2760
212
4282
3069
2382
4809
705
3338
2730
2981
364
3813
3244
2717
3006
153
2435
3861
4244
3107
2330
3024
3374
2661
537
4825
4745
1931
346
2606
2428
2042
58
3230
1204
3387
3145
3062
3520
2198
1922
3866
2291
3825
4374
1484
4133
1349
1030
4121
1516
805
3817
4274
4157
581
125
1535
1082
1839
514
688
4627
1653
1969
2569
3297
2774
3826
4328
634
4567
510
228
1444
179
3774
2401
3803
3635
1808
3198
4065
2396
3633
1896
4793
737
4500
2228
475
4502
2003
2030
2116
2691
4407
1073
3324
4605
4147
4940
964
4703
4440
618
3518
265
4978
3878
1724
269
707
1545
536
2838
1360
4290
525
2197
710
4853
4246
1754
3988
1491
3797
401
4445
2749
3690
1070
657
176
2105
4169
1605
87
940
2006
4616
3178
3166
3742
155
2289
4294
350
3314
2183
4160
4939
2568
2517
4400
2492
531
1260
2415
2323
4202
2063
561
3037
1171
2699
1008
2614
740
4720
1594
3222
819
1343
1684
4469
749
1332
4412
3392
1413
2777
4571
4522
116
3133
371
4601
4175
2751
3775
328
2022
1617
4846
2298
1582
622
1288
4481
3511
2887
3683
3996
2404
3500
4769
1386
3570
4867
185
1301
1378
2945
1223
1055
894
4316
2016
2825
2790
4593
3356
2220
1955
2588
2494
1450
4717
288
3845
420
4508
243
2999
4191
2450
1667
4392
2456
1074
2027
1899
1309
137
4137
1933
4812
474
4749
1881
898
1169
4727
3874
1537
4887
351
3128
1769
708
451
3964
1696
2523
4844
1806
184
4899
2782
4250
959
2868
2232
1627
4992
2140
4829
1845
1135
1056
3841
1870
2362
1172
998
1226
1405
917
1324
378
3327
3712
2720
4657
4026
4060
3785
4248
2844
1440
3563
4985
4663
3722
3713
2118
4741
4014
283
1242
1939
1264
1300
3778
4501
2048
4586
2826
4074
834
4032
4941
1719
4107
3169
3202
2272
847
1925
3028
963
4872
663
3386
3285
29
4148
4408
3086
1527
1137
3916
4771
3767
823
1183
876
1995
4671
4451
2364
1663
3120
1206
4183
4558
3552
1431
1888
177
733
1897
3337
3572
4550
1234
3154
4849
1675
2447
1880
3768
2900
4313
921
1981
2645
1269
1182
2039
3541
4816
1
601
3837
4653
3566
1762
2991
953
2288
4843
1729
3793
1938
3288
2069
4020
4937
3521
1500
238
1018
2659
2052
3040
161
2928
68
397
2138
2695
1746
1377
2370
9
3505
2348
2024
2430
2591
550
2082
1109
2580
4276
2180
2154
1366
2635
292
2837
4200
4904
3578
1067
813
4988
3265
2564
1192
69
850
3030
3707
3843
1094
3957
2234
3008
2168
3068
2667
4064
1117
3000
1079
3310
1738
1024
4646
363
4155
3479
1280
2631
2355
170
4901
190
3738
3421
3503
144
1428
3399
1292
1720
1509
674
797
3694
3369
2950
3151
502
2642
3944
1111
3750
925
2877
566
2113
1202
4874
2947
4214
1230
589
1852
1039
975
1702
4292
480
100
3291
3103
4145
4830
2529
3034
4216
2901
3081
1966
2295
2866
2914
3829
4149
2083
2212
1009
4719
2893
3095
1587
3795
3850
2860
3224
4497
3440
2315
1350
1697
4786
3478
4312
1937
2273
3056
3884
3729
4990
3379
4314
3300
540
2067
848
1101
776
564
3051
782
4029
3675
33
878
2711
3038
3142
1625
3147
4709
1096
4263
1467
2499
1088
1179
3599
1851
1019
2618
2361
4262
3070
2124
709
4177
3528
1390
4299
1354
3167
2036
8
2013
3848
61
2969
2354
2639
1316
717
1076
1026
4768
649
3869
1608
844
4678
3879
3844
3318
4247
3204
4629
1961
4233
3451
99
4761
1589
3415
1570
2778
3168
2484
1833
2402
3235
660
2960
4835
4091
4588
4903
1113
768
2903
4964
4193
2367
697
3401
2008
4143
429
2381
2810
3162
2350
2939
2333
3322
1951
1186
2156
3871
658
55
2821
3026
2221
2225
3965
4600
3682
2189
2824
1971
3926
1407
641
1520
719
2249
1781
3506
3459
929
2136
4660
91
3439
4356
2434
1448
1517
3398
3306
4517
803
696
4154
1841
4425
4638
621
1220
2216
4821
1099
4677
2240
784
4078
783
2351
86
4674
4890
4031
2201
4548
2702
3903
4458
2665
3981
2582
4817
791
4117
262
580
2713
3858
70
516
1721
2966
2630
2531
2244
4162
4598
109
952
3212
2461
408
4619
3207
3877
607
2270
1765
1436
3702
3221
1965
1539
1396
1580
3477
454
377
2931
478
457
1927
1932
2530
1574
2173
4238
227
4480
296
1326
1920
4308
403
4981
2074
4576
1689
2405
154
1257
253
822
1646
4777
1207
997
4626
2644
2064
2513
4424
4938
1643
3501
1771
4733
4213
1563
4494
150
4739
2102
3238
4520
3047
1459
3766
924
1095
1834
1802
3027
3190
652
375
336
2786
4756
3531
880
1155
916
3016
2571
1162
1565
1357
1299
2842
933
3543
2058
485
838
2600
3446
4459
4688
3945
614
135
80
4194
3794
725
2856
1831
3953
310
4859
4963
4044
1990
2
702
3404
4380
2722
3939
588
3150
232
3067
314
3515
174
2652
1686
4667
2107
3806
4956
1647
636
1081
2845
3289
3391
594
4320
244
2312
2669
1293
3430
1209
1001
399
2466
4894
2371
234
4862
4858
4856
1193
673
2352
355
935
1363
3378
681
3334
2177
1498
2015
1975
2134
4033
4021
2037
63
1351
2654
0
2855
3407
3931
1470
946
2031
3043
3814
3532
4773
2541
3460
1419
486
804
3980
4150
4839
30
1258
3726
828
13
2584
4878
2357
2459
4928
3435
1631
2280
4726
541
2839
2789
1021
4022
4945
1093
4240
3577
2559
2993
2853
1801
3853
3176
3784
1256
1149
1743
1615
4722
1421
3118
2274
3276
1953
845
3376
3045
418
4277
4463
1941
575
4854
2372
259
3197
764
1773
4496
1734
1957
4799
2589
1741
2807
2422
1987
748
3548
3497
881
4017
4495
4471
2936
3489
814
2907
919
4581
908
3009
2214
1827
167
1335
3770
2161
1139
3856
3272
616
2282
4782
2613
2406
446
2526
1078
980
3353
3804
912
4759
2599
2169
2191
3668
3603
560
3456
4268
519
4973
3110
796
1294
4365
2864
1901
3522
2060
2572
1442
2476
334
1732
4580
211
2538
1890
303
2542
905
655
4913
1120
1815
3660
2565
4473
624
3373
2020
2432
2792
4656
1768
993
4302
4327
4055
3123
1638
2929
1542
1716
2446
329
4911
3020
356
270
490
1936
440
2206
3485
4101
1004
4383
554
3448
1085
1372
3705
2468
3663
434
2561
3115
3655
4676
